skinTheme=0
skinLum=-0.003
skinHue=FF6B1FF0
skinBoxAlpha=1.000
allyThemeCopy=1
allyTheme=0
allyLum=0.000
allyHue=00000000
allyBoxAlpha=1.000
fontFace=7
buffScale=1.4500
buffMax=32
buffRows=2
uiStyle=0
uiColor=24
uiAccent=FFFFFFFF
cursorScale=1.2500
tgtBox=1
tgtBoxAlpha=0.7519
tgtThemeCopy=1
tgtTheme=2
tgtLum=-0.743
tgtHue=00000000
tgtScale=0.8500
tgtNameHostile=1
tgtSpeed=1
tgtSpeedIcon=1
tgtTH=1
tgtThIcon=1
tgtRange=1
tgtCast=1
tgtSubPos=0
tgtSub=1
plrCast=1
tgtBuffMax=16
tgtDebuffs=1
tgtBuffPos=3
tgtTimers=1
tgtText0=3,1.0000,0.5000,1,FFFFFFFF
tgtText1=3,1.0000,0.5000,1,FFFFFFFF
tgtText2=3,1.0000,0.5000,1,FFFFFFFF
tgtText3=3,1.0000,0.5000,1,FFFFFFFF
tgtText4=0,1.0000,0.5000,1,FFFFFFFF
tgtText5=3,1.0000,0.5000,1,FFFFFFFF
tgtBars=1.0000,1.0000,1.2500
tgtDetailIconSz=1.0000
tgtRangeH=1.0000
tgtPos=1,0.43750,0.68940
tgtCenter=1,0
plrBox=1,1,1,1,1,1,1,1,24,1,1,1
plrEq=1.5000,1,FF939393,7
mm=1,1,0.30883,0.76946,0.8000,6.0534
mm2=0,0,FFFF0000,1.000,1.250,1,1,1
mm4=1,FFFF0000,1,49.94,FFFFFFFF
mm3=1,1,1,1,1,0.900,0
ws=1,1.200,0.500,0.311,3,1
sc=1,1.000,0.5002,0.0341,1
tp=1,1.000,0.9437,0.3758,10,1
tpText0=3,0.5000,0.5000,1,FFFFFFFF
tpText1=3,0.7000,0.5000,1,FFFFFFFF
tpText2=3,0.6000,0.5000,0,FFFFFFFF
tpText3=3,0.6000,0.5000,1,FFFFFFFF
hl=1,0.750,0.6681,0.3536,20,1,1
hlText0=3,1.0000,0.5000,1,FFFFFFFF
hlText1=3,1.0000,0.5000,0,FFFFFFFF
hlText2=3,1.0000,0.5000,1,FFFFFFFF
hlText3=3,1.0000,0.5000,1,FFFFFFFF
pw=1,1.250,0.2327,0.7131,0,1,1,1
pwText0=3,0.6500,0.5000,1,FFFFFFFF
pwText1=3,0.6500,0.5000,5,FFFFFFFF
pwText2=3,0.6500,0.5000,5,FFFFFFFF
grim=1,0.850,0.6184,0.8947,3
grimText0=3,1.0000,0.5000,1,FFFFFFFF
grimText1=3,1.0000,0.5000,1,FFFFFFFF
zt=1,1.000,0.7300,0.0341,4,1
ztsheol=1,1,1
tm=1,1.000,0.2000,0.1282,20,1,1,1,0.6281,0.3343,2,2,0,0.850,1,0,1
scbox=1,0.7462,1,0,0.0000,00000000
tpbox=0,1.0000,1,0,0.0000,00000000
hlbox=1,0.7462,1,0,0.0000,00000000
pwbox=1,0.7519,1,0,0.0000,00000000
ztbox=1,0.7462,1,0,0.0000,00000000
tmbox=1,0.7462,1,175,0.0000,00000000
mmbox=1,0.7462,1,0,0.0000,00000000
ztText0=3,1.0000,0.5000,0,FFFFFFFF
ztText1=3,1.0000,0.5000,0,FFFFFFFF
tmText0=3,1.0000,1.0000,1,FFFFF600
tmText1=3,0.7500,1.0000,1,FFFFFFFF
tmText2=0,0.7500,1.0000,0,FFFFFFFF
tmAllyGroup=0
tmFocus=180,180
tmPreset=1
tmTrkOff5=2125,2130,32884,49194,3,35613,16786,49733,33349,49195,32867,34873,32862,49192,49193,34868,32863,34869,33175,16425,32864,34870,32865,16424,35055,34871,32866,34825,34877,32811,2043,40,34811,32808,2048,41,34816,32809,34876,32810,2104,98,2103,97,2102,96,2101,95,2100,94,2105,99,34872,2063,103,2072,106,2065,105,2073,107,2074,108,2062,102,2060,100,2075,109,2061,101,2076,110,2064,104,2078,112,2077,111,2084,286,34831,32871,34840,32874,34833,32873,34841,32875,34842,32876,34830,32870,34828,32868,34843,32877,34829,32869,34844,32878,34832,32872,34846,32880,34845,32879,34852,33054,2488,121,2491,124,2492,125,2489,122,2486,119,2490,123,2487,120,35256,32889,35259,32892,35260,32893,35257,32890,35254,32887,35258,32891,35255,32888,2249,34,2250,35,2251,38,35017,32802,35018,32803,35019,32806,2055,39,2053,36,16785,2054,37,2493,432,34823,32807,34821,32804,16791,16497,34822,32805,35261,33200,2138,70,2137,71,2136,69,2478,228,2099,181,2113,183,2114,180,2115,178,2116,179,2117,182,2118,185,2119,184,2143,34906,32838,34905,32839,34904,32837,35246,32996,34867,32949,34881,32951,34882,32948,34883,32946,34884,32947,34885,32950,34886,32953,34887,32952,34911,34903,35002,2502,2050,35270,35013,34818,32881,401,34999,34998,32955,2232,2245,419,187,2230,33169,35015,2234,2228,358,33187,2247,359,2231,2135,113,16487,16490,16489,16491,16492,16486,16484,16493,16485,16494,16488,16496,16495,16670,49255,49258,49257,49259,49260,49254,49252,49261,49253,49262,49256,49264,49263,49438,16423,16420,16816,16421,49268,16454,16455,16453,16612,16565,16567,16564,16562,16563,16566,16569,16568,49222,49223,49221,49380,49333,49335,49332,49330,49331,49334,49337,49336,34874,49185
tmTrkOff7=2547,93
sc2=1,1,1,1,0
scText0=3,1.0000,0.5000,1,FFFFFFFF
scText1=3,1.0000,0.5000,1,FFFFFFFF
scText2=3,0.7500,0.5000,5,FFFFFFFF
scText3=3,0.7500,0.5000,5,FFFFFFFF
scText4=3,0.7500,0.5000,1,FFFFFFFF
wscol=FFFFFFFF,FFFFF024,FFFF5A0A
plrSizes=0.7519,0.6500,1.0000,1.0000,1.0000
plrEmblemSz=1.5000
plrBarGap=1.0000
plrText0=3,1.0000,0.5000,1,FFFFFFFF
plrText1=3,1.0500,0.5000,0,FFFFFFFF
plrText2=3,1.0000,0.5000,1,FFFFFFFF
plrText3=3,1.0000,0.5000,1,FFFFFFFF
plrText4=3,1.5000,0.5000,1,FFFFFFFF
plrText5=3,1.5000,0.5000,1,FFFFFFFF
plrText6=3,1.5000,0.5000,1,FFFFFFFF
plrText7=0,1.2500,0.5000,1,FFFFFFFF
mmText0=3,0.8500,0.5000,1,FFFFFFFF
mmText1=3,1.0000,0.5000,1,FFFFFFFF
mmText2=3,1.0000,0.5000,1,FFFFFFFF
mmText3=3,1.0000,0.5000,1,FFFFFFFF
plrTheme=1,107
plrHue=00000000
plrLum=-0.743
plrPos=1,0.42070,0.83617
plrCenter=1,0
barHeight=0.9500,0.8000,0.8000
barWidth=1.2000,1.1500,1.0000
badgeScale=1.1000,2.0000,0.7500
gaugeStyle=0,3,3
jobBadge=2,1,1
cast=1,0,0
dist=1,0,0
lang=0
partyRef=0.92139,0.90648,0.89157,0.99110,0.86175,0.84684
partyBottom=0.98814
partyRefX=0.94647,0.99445
allyRef=0.77910,0.85397,0.70274,0.77835
zonePanel=0.68281,0.03855
zone=0.01063,0.03558,0.18953,0.28984,0,0,0,0,Equipment
zone=0.05591,0.03188,0.33862,0.03484,0,0,0,0,Macros
zone=0.00625,0.74277,0.30258,0.24685,0,0,0,0,Chat
zone=0.00430,0.01334,0.98905,0.02076,0,0,0,0,InfoBar
zone=0.94996,0.03558,0.04410,0.24537,0,0,0,0,Menu
zone=0.94647,0.92139,0.04798,0.06675,1,1,0,1,Party 1p
zone=0.94647,0.90648,0.04798,0.08166,1,1,0,2,Party 2p
zone=0.94647,0.89157,0.04798,0.09657,1,1,0,3,Party 3p
zone=0.94647,0.87666,0.04798,0.11148,1,1,0,4,Party 4p
zone=0.94647,0.86175,0.04798,0.12639,1,1,0,5,Party 5p
zone=0.94647,0.84684,0.04798,0.14130,1,1,0,6,Party 6p
zone=0.94647,0.77910,0.04798,0.07487,1,1,0,7,Alliance 1
zone=0.94647,0.70274,0.04798,0.07561,1,1,0,8,Alliance 2
zone=0.00469,0.51890,0.14543,0.22461,0,0,0,0,Magie menu
border=1,1,1,1
anim=1,1
textP0=3,1.2500,0.0500,1,FFFFDC78
textP1=3,1.0000,2.0000,0,FFFFFFFF
textP2=3,1.0000,2.0000,0,FFFFFFFF
textP3=3,1.0000,2.0000,0,FFFFFFFF
textP4=3,1.1000,0.1500,11,FF5AC8FF
textP5=3,1.4500,2.0000,1,FF5ADC5A
textP6=3,1.0000,1.0000,1,FFFFFFFF
textP7=7,1.0000,1.0000,1,FFFFFFFF
textP8=3,1.0500,0.2500,3,FFFFFFFF
textA0=3,1.2000,0.0500,8,FFFFFFFF
textA1=2,1.1500,2.0000,0,FFFFFFFF
textA2=2,1.1500,2.0000,0,FFFFFFFF
textA3=2,1.1500,2.0000,0,FFFFFFFF
textA4=3,0.8500,0.1500,2,FF4F9DFF
textA5=3,1.1500,2.0000,0,FF5ADC5A
textA6=3,1.0000,1.0000,1,FFFFFFFF
textA7=0,1.0000,1.0000,1,FFFFFFFF
textA8=3,1.0500,0.2500,3,FFFFFFFF
box0=1,0.85469,0.75093,1.0000
box1=1,0.89023,0.62639,0.7500
box2=1,0.89023,0.54337,0.8000
